           1           0           1
           1          -1           2
           2           0           3
           3           0           4
           2           1           5
           1          -2           6
           1          -3           7
          -1           0           8
           0          -2           9
           2           2          10
          -2           0          11
           2          -3          12
          -1           1          13
           2           3          14
           3          -3          15
           2          -4          16
          -3           0          17
           3           3          18
          -3           1          19
          -4           1          20
           2          -5          21
           2           4          22
          -4           0          23
           3          -5          24
           4           3          25
          -3           2          26
           4          -3          27
           2           5          28
           4           0          29
           1          -4          30
           2           6          31
          -2           2          32
          -5           0          33
           5           3          34
           3          -6          35
          -6           0          36
          -4          -1          37
           5           4          38
          -3           3          39
           2           7          40
           6           4          41
          -4          -2          42
           5           5          43
           7           4          44
          -3           4          45
           5          -3          46
          -3           5          47
           2           8          48
           2           9          49
          -4           5          50
           3          -7          51
          -4          -3          52
          -6          -1          53
          -5           5          54
           6          -3          55
           4          -7          56
           5          -7          57
           7           5          58
          -6           1          59
           5          -8          60
           6          -8          61
          -4          -4          62
           8           5          63
          -4           6          64
           7          -3          65
           7          -8          66
           7          -9          67
           8          -9          68
          -6          -2          69
          -6           5          70
           1           7          71
           3          -8          72
           2          10          73
          -6          -3          74
           8          -3          75
           8          -8          76
          -3           6          77
           8          -2          78
          -7           5          79
          -7          -1          80
          -8          -1          81
          -8           5          82
           3          10          83
           3          -9          84
           1          10          85
           8          -1          86
           3         -10          87
           8          -4          88
           7         -10          89
           9          -8          90
           4          10          91
           8           4          92
           9          -4          93
           9          -9          94
           7         -11          95
          10          -9          96
          -8           4          97
          -4           7          98
          11          -9          99
          -9           4         100
          10          -4         101
          -8           6         102
          -4           8         103
           9           4         104
           3         -11         105
           2         -10         106
           8           0         107
           2          11         108
          -9           5         109
           9           5         110
          11         -10         111
           8         -11         112
          -5           8         113
          10           4         114
          12          -9         115
           6         -11         116
          -8          -2         117
           9           6         118
          -9          -2         119
          -8           7         120
          10         -10         121
           3         -12         122
          -9          -3         123
          11           4         124
           4          11         125
          -9          -1         126
          12          -8         127
          -9           7         128
          -9           8         129
           2          12         130
         -10          -3         131
           4         -12         132
          -5           9         133
          12           4         134
           8         -12         135
           2         -12         136
           2         -13         137
          12           3         138
         -11          -3         139
           3           8         140
          12          -7         141
           2          -6         142
          13          -7         143
         -10           5         144
           8         -13         145
         -12          -3         146
         -12          -2         147
         -10           8         148
           9          -7         149
         -10          -4         150
           0          10         151
           5          10         152
          13          -9         153
          14          -9         154
         -13          -3         155
           2         -14         156
           5           9         157
         -11           5         158
          -9           9         159
         -12          -4         160
           6         -12         161
         -10          -5         162
         -11           4         163
         -11           8         164
         -14          -3         165
          -5          10         166
           2         -15         167
         -15          -3         168
         -15          -4         169
         -11           6         170
          14          -7         171
           9         -12         172
          -9          10         173
           1         -15         174
         -12          -1         175
         -16          -3         176
           3         -15         177
         -17          -3         178
          13          -6         179
         -18          -3         180
         -10          -6         181
          15          -7         182
         -12           0         183
          15          -9         184
          16          -7         185
           6         -13         186
         -18          -4         187
         -18          -5         188
           0         -15         189
          13           4         190
          17          -7         191
         -10          -7         192
         -12           4         193
          14           4         194
         -18          -6         195
          -9          11         196
         -18          -7         197
          15           4         198
         -19          -7         199
           1          12         200
          18          -7         201
          12           5         202
          18          -8         203
           1         -16         204
         -12           8         205
          16           4         206
         -12          -5         207
          -1         -15         208
         -17          -7         209
           6          10         210
         -17          -8         211
          16           5         212
         -20          -7         213
         -12           7         214
          -2         -15         215
         -17          -9         216
          13           5         217
         -18          -9         218
         -20          -8         219
         -13          -1         220
          -2         -16         221
         -21          -7         222
         -22          -7         223
         -10          -8         224
           2         -16         225
           6         -14         226
          19          -7         227
          18          -9         228
         -17         -10         229
         -22          -8         230
          17           5         231
           6          11         232
           7          11         233
          18           5         234
          12           6         235
         -11          -8         236
          -9          -8         237
         -11           9         238
          -8          11         239
          13           6         240
           1          13         241
         -21          -6         242
         -13           8         243
           3         -16         244
         -23          -8         245
           3         -17         246
          -3         -15         247
         -12           9         248
          19           5         249
         -24          -8         250
           6          12         251
         -19          -9         252
          20           5         253
         -17         -11         254
         -16         -11         255
           1          14         256
          15         -10         257
          21           5         258
           3         -18         259
          -8          12         260
           6          13         261
          22           5         262
          13           7         263
           4         -18         264
          15         -11         265
         -19          -4         266
         -13           9         267
          -8          13         268
         -24          -7         269
          15         -12         270
          16           6         271
         -18          -2         272
          -4         -15         273
           3         -19         274
          20           6         275
          -4         -16         276
          23           5         277
           5         -18         278
         -18         -11         279
          24           5         280
           0          14         281
           1          15         282
           3         -20         283
           5          13         284
         -17         -12         285
         -22          -9         286
         -23          -9         287
          12           7         288
          20          -7         289
         -10          11         290
         -17         -13         291
           5          14         292
         -25          -7         293
         -10          12         294
          22           4         295
          20          -8         296
           2         -19         297
         -24          -9         298
         -13          10         299
          -5          11         300
           1         -12         301
           6         -18         302
         -26          -7         303
          25           5         304
           3         -21         305
           3         -22         306
         -16         -13         307
         -27          -7         308
           9         -13         309
         -21          -5         310
         -27          -6         311
           6         -19         312
         -27          -5         313
         -11          12         314
         -23         -10         315
          -3         -16         316
         -17         -14         317
          -4         -17         318
         -14           8         319
         -13          11         320
          25           6         321
           5          15         322
         -28          -6         323
          16           7         324
         -29          -6         325
          -5          12         326
           7         -18         327
         -13          12         328
         -18         -14         329
           9         -14         330
           3         -23         331
         -28          -7         332
         -19         -14         333
          16          -6         334
           4         -22         335
          21          -7         336
         -28          -8         337
           4         -23         338
           4         -24         339
          25           7         340
          19           6         341
         -18          -1         342
          -3         -17         343
         -30          -6         344
          16           8         345
          -5         -17         346
          21          -6         347
          25           4         348
         -14           7         349
          26           7         350
         -27          -4         351
          22          -7         352
         -24          -6         353
         -19         -15         354
          26           6         355
          11         -11         356
          24           7         357
          11         -12         358
         -20         -15         359
           6          15         360
         -30          -5         361
           7         -19         362
          26           5         363
         -18           0         364
           5         -23         365
          27           7         366
         -30          -4         367
         -30          -7         368
         -20         -16         369
         -21         -16         370
          10         -14         371
          21          -8         372
           8         -19         373
          20          -9         374
         -17         -15         375
          28           7         376
         -19           0         377
         -14          10         378
           6         -23         379
          -5          13         380
           4         -25         381
         -24         -10         382
         -24         -11         383
          13           8         384
         -24         -12         385
         -17         -16         386
          20           7         387
         -31          -6         388
          27           5         389
         -30          -8         390
           1          16         391
           7         -23         392
          -6         -17         393
         -22         -16         394
           4          15         395
         -16         -16         396
           2         -22         397
           5         -25         398
         -22         -17         399
          22          -8         400
          26           8         401
         -31          -8         402
           3         -25         403
          16           9         404
          23           7         405
         -31          -5         406
         -30          -9         407
           7         -22         408
          16         -12         409
         -30         -10         410
         -31         -10         411
          14         -12         412
          29           7         413
           7          15         414
         -21         -17         415
         -31          -9         416
         -32          -9         417
          18         -10         418
          27           8         419
         -33          -9         420
         -30         -11         421
         -14          11         422
         -22         -18         423
          -5          14         424
         -15          10         425
         -16          10         426
         -17          10         427
          -6         -18         428
          29           8         429
           7          16         430
          -5          15         431
          30           7         432
         -34          -9         433
         -34          -8         434
          20           8         435
          20           9         436
          25           3         437
          21          -9         438
          30           6         439
          31           6         440
          31           5         441
         -35          -8         442
          29           9         443
         -12          12         444
         -36          -8         445
         -14          12         446
          11         -13         447
         -30         -12         448
           8          16         449
          -6          15         450
          30           9         451
           8          17         452
         -18          10         453
         -36          -7         454
          13           9         455
          31           9         456
           7          17         457
         -10          13         458
         -23         -18         459
         -36          -9         460
         -19          10         461
         -34         -10         462
          31          10         463
         -37          -8         464
          23          -7         465
          21         -10         466
         -34         -11         467
          24          -7         468
         -30         -13         469
         -20          10         470
          31          11         471
           0          16         472
          32          11         473
           8          18         474
         -35          -7         475
           2         -23         476
         -37          -9         477
         -21         -18         478
         -38          -9         479
         -13          13         480
          30          11         481
         -27          -3         482
           2          16         483
          25          -7         484
          -7         -18         485
           8         -20         486
           6         -25         487
          25           2         488
         -18          11         489
         -34         -12         490
         -13          14         491
           8         -23         492
         -29          -4         493
         -20           9         494
         -15           8         495
         -30         -14         496
         -30         -15         497
          -7         -19         498
         -23         -19         499
          32           6         500
           5         -26         501
          33           6         502
          33          11         503
         -38         -10         504
          32           9         505
         -38         -11         506
         -20           8         507
         -37          -7         508
         -22         -19         509
           1         -22         510
          11         -14         511
         -38          -7         512
         -38         -12         513
          25          -8         514
          33           7         515
          25          -6         516
         -32          -5         517
           8          19         518
         -31         -15         519
          34           6         520
          35           6         521
          35           5         522
          26           9         523
         -30         -16         524
         -39         -12         525
         -27          -2         526
          21         -11         527
         -20           0         528
         -39          -9         529
          36           6         530
           9          18         531
         -39         -10         532
         -20         -18         533
         -24         -19         534
          23           8         535
         -25         -19         536
          -7         -20         537
          35           4         538
         -12          14         539
          25          -9         540
          27           4         541
           8         -24         542
          30          12         543
         -30         -17         544
           6          17         545
          -7         -21         546
         -40          -9         547
          15         -13         548
           0          17         549
         -25         -20         550
         -29         -17         551
         -14          14         552
          24           2         553
           9         -24         554
         -26          -2         555
         -39         -13         556
           7          19         557
          13         -12         558
         -25         -21         559
         -41          -9         560
          30          13         561
          26          10         562
         -40         -12         563
           6          19         564
         -39          -7         565
          31           4         566
         -41          -8         567
         -27          -1         568
         -29         -18         569
          36           7         570
          22         -11         571
         -41         -12         572
          -7         -22         573
         -35         -12         574
          11         -15         575
          35           3         576
          25         -10         577
          31          13         578
         -42          -8         579
          -8         -22         580
          36           5         581
          -9         -22         582
          29          12         583
          26         -10         584
         -26         -20         585
          22         -12         586
         -15         -16         587
         -25          -2         588
         -35          -6         589
          36           3         590
         -10          14         591
          12         -15         592
          37           6         593
         -42          -9         594
           3         -26         595
         -20         -19         596
          36           8         597
           8          20         598
         -39          -6         599
         -21           8         600
         -19         -19         601
         -19         -20         602
          38           6         603
          37           3         604
          20          10         605
          -9          14         606
           6          20         607
          26         -11         608
          28          12         609
          39           6         610
         -27           0         611
           5          19         612
          -7         -23         613
         -35          -5         614
         -42          -7         615
          29          13         616
         -27           1         617
          29          14         618
         -29         -19         619
           3         -27         620
          16         -13         621
           5          17         622
          34          11         623
         -25         -22         624
         -15          14         625
         -43          -9         626
           8          21         627
          -5          16         628
         -19         -21         629
           9          21         630
          16         -14         631
          15           9         632
          -7         -24         633
          40           6         634
          31          14         635
          41           6         636
          41           5         637
           8         -18         638
          21         -12         639
         -28          -1         640
           7          14         641
         -27           2         642
         -13          15         643
           0          18         644
          -9          15         645
           7          21         646
           9          22         647
         -39          -5         648
         -22           8         649
         -10          15         650
          17           9         651
         -25         -23         652
          27           3         653
         -44          -9         654
          25          -5         655
          42           6         656
          37           8         657
          42           5         658
          42           4         659
         -42         -12         660
           9         -25         661
         -38          -5         662
         -42         -13         663
         -45          -9         664
          43           6         665
          21          10         666
          -8          15         667
          27         -10         668
           6          21         669
         -27           3         670
          10          22         671
           3         -28         672
          23         -12         673
          32          13         674
          34           4         675
         -18          12         676
           4          19         677
          43           4         678
         -42         -11         679
          35           2         680
           9          23         681
          43           3         682
          44           4         683
          27          -9         684
           0          19         685
           9          24         686
          28         -10         687
         -39         -14         688
         -45         -10         689
         -43         -13         690
         -19         -22         691
         -29         -20         692
          33          13         693
         -44         -13         694
         -38          -4         695
          31          15         696
          43           7         697
          21         -13         698
         -18          13         699
          33          14         700
         -25         -24         701
         -42         -14         702
         -19          13         703
         -21           0         704
           5         -27         705
         -28           3         706
         -41         -14         707
          11          22         708
          34          14         709
           9          25         710
           9         -20         711
          45           4         712
         -45          -8         713
          45           3         714
          43           8         715
         -31         -17         716
         -26         -24         717
          10         -25         718
          28         -11         719
         -44         -14         720
          34          15         721
         -46          -9         722
         -45         -14         723
          10          25         724
         -16          14         725
          -9         -23         726
          46           4         727
           9         -26         728
         -41         -15         729
         -47          -9         730
           3         -29         731
          24         -12         732
           5         -28         733
          44           8         734
         -45         -15         735
         -10         -23         736
          37           9         737
          -7         -25         738
           6         -28         739
           7         -28         740
          29         -10         741
           8          24         742
         -18         -22         743
           9          26         744
         -26         -25         745
           2         -29         746
          45           8         747
         -19          14         748
           3         -30         749
         -26         -26         750
          46           8         751
         -30         -19         752
         -48          -9         753
          30         -10         754
          46           9         755
         -48          -8         756
           2         -30         757
           6         -29         758
         -49          -9         759
          -8         -25         760
         -49         -10         761
         -20          14         762
         -23           8         763
          31          16         764
          16         -15         765
          11         -25         766
          32           4         767
         -23           9         768
          45           9         769
          47           4         770
          46          10         771
          30          16         772
         -39          -4         773
          34          13         774
         -41         -16         775
          31          17         776
           8          26         777
         -39          -3         778
         -31         -19         779
           9          27         780
          35          14         781
         -45          -7         782
          45          10         783
          30          17         784
         -41         -17         785
         -40          -5         786
         -50         -10         787
          -1          19         788
          46          11         789
          23         -13         790
          34          16         791
           1         -30         792
         -39          -2         793
         -39          -1         794
          47          11         795
           7          26         796
          10          27         797
         -39           0         798
           6          26         799
          10          28         800
          32          17         801
         -41         -18         802
           1         -31         803
         -33         -12         804
          13         -15         805
         -10          16         806
          47          12         807
          10          29         808
           7          27         809
          43           9         810
          26          -7         811
         -26         -27         812
         -45          -6         813
         -17         -22         814
         -16         -22         815
         -51         -10         816
         -48          -7         817
         -27         -27         818
         -38           0         819
         -10          17         820
          -1          20         821
           1         -32         822
         -27         -28         823
           0         -30         824
           2         -32         825
         -42          -6         826
         -39           1         827
         -52         -10         828
         -10          18         829
         -51          -9         830
           2         -33         831
          43          10         832
         -41         -19         833
          48          12         834
         -18         -23         835
         -18         -24         836
          12         -25         837
          36          14         838
         -42         -19         839
         -27         -29         840
          45          11         841
         -27         -30         842
          -8         -26         843
           2         -34         844
           0         -29         845
           9          29         846
         -48          -6         847
         -42         -20         848
         -11          18         849
         -32         -19         850
          21          11         851
         -11          19         852
          -9          18         853
         -43         -19         854
         -39           2         855
          36          15         856
          48           4         857
           9          30         858
          29          17         859
          47          13         860
         -41         -20         861
         -52          -9         862
          30         -11         863
         -26         -30         864
           3         -33         865
           6         -30         866
          47          14         867
           8          30         868
          49           4         869
         -28         -30         870
          11          29         871
         -40           2         872
          32          18         873
          24         -13         874
          46          14         875
         -53          -9         876
          46          15         877
          45           2         878
           2         -35         879
         -29         -30         880
          45          14         881
          49           5         882
         -24         -24         883
          47          15         884
          12          22         885
          48           3         886
          49          12         887
          45           1         888
          11          25         889
         -31         -16         890
         -28         -31         891
         -29         -31         892
          24         -14         893
          33          18         894
          33          19         895
          20         -13         896
          46           2         897
           9          31         898
         -30         -31         899
          30         -12         900
           8          31         901
         -54          -9         902
           7         -30         903
           7          31         904
          33          20         905
           7          32         906
          45           0         907
          32          20         908
         -53          -8         909
         -39           3         910
          49          11         911
           3         -35         912
         -39           4         913
           8          32         914
         -43         -20         915
           6          32         916
         -38           3         917
         -28           4         918
         -43         -21         919
          45          -1         920
          -8          18         921
          49          13         922
         -55          -9         923
         -24           9         924
          50           4         925
          45          15         926
           7          33         927
          25         -14         928
          48           2         929
           0          20         930
          46          16         931
         -43         -22         932
         -55         -10         933
          31         -12         934
          50           5         935
           4         -35         936
           6         -31         937
           9         -19         938
         -40           4         939
          28          14         940
           3         -36         941
           1         -33         942
          48           1         943
          46          17         944
          31         -10         945
         -39           5         946
         -55         -11         947
         -43         -23         948
         -27         -25         949
          11         -26         950
         -43         -24         951
          30         -13         952
         -24          10         953
          50          11         954
          46          18         955
           8         -30         956
          46          19         957
          32          21         958
          -8         -27         959
           3         -37         960
          50           3         961
         -55         -12         962
         -29           4         963
          32         -10         964
         -44         -21         965
          45          -2         966
         -44         -24         967
         -55         -13         968
          51           5         969
           2         -36         970
         -46         -14         971
          -2          20         972
         -44         -25         973
         -44         -19         974
          13         -25         975
          31         -13         976
         -11         -23         977
           4         -37         978
         -56         -11         979
           5         -37         980
          47          19         981
         -57         -11         982
          24         -15         983
         -43         -25         984
          49           1         985
         -21          14         986
          46          20         987
         -45         -24         988
          47          20         989
          12          29         990
         -43         -26         991
          33          21         992
          49           0         993
         -52         -11         994
         -28         -32         995
         -52          -8         996
           1         -36         997
          34          21         998
         -37           0         999
          51           3        1000
